data/elevation.asc
ncols         90
nrows         185
xllcorner     -88.284722219292
yllcorner     41.348833332895
cellsize      0.0062000000000001
NODATA_value  -9999
[rows 112 to 139 of 185, columns 0 to 62 of 90]
219.3148 217.3279 218.5942 219.8506 222.472 222.4189 222.4189 222.423 227.0058 222.5404 218.299 216.9818 218.117 213.5967 213.5967 216.3964 211.214 211.214 212.2156 213.0444 217.0779 223.2791 224.8936 226.1747 234.3795 234.314 234.7207 231.0791 219.3102 223.6662 225.9489 220.9911 204.4586 203.6852 211.0135 207.1212 209.1447 220.0516 218.3155 224.4387 219.433 219.3009 222.0896 217.5898 218.282 221.7709 223.385 226.865 225.5175 229.7483 227.3365 225.464 228.8499 220.6326 221.0234 214.7104 216.8749 217.4734 212.0699 208.6814 197.814 197.814 200.0206
216.33 216.9324 218.5121 220.0558 223.6933 224.9739 225.599 221.5735 221.68 216.7291 216.323 216.9735 216.323 216.3355 215.4718 213.5967 211.214 212.9394 211.214 211.9658 214.0958 216.148 219.8319 222.7168 229.0762 233.3385 231.7465 227.9305 218.8865 221.6615 214.9738 205.1769 204.0344 201.5099 225.6179 234.5231 220.8357 215.5862 215.5862 215.5862 215.5862 215.5862 215.5862 218.1927 222.7994 221.1933 221.1933 225.5175 232.2026 230.2344 227.9471 225.377 225.377 221.6623 222.9574 222.114 222.1479 220.8998 218.0885 212.2714 199.0124 197.814 199.6385
218.5378 219.1452 219.3949 222.46 223.0169 221.223 220.6666 221.9557 219.423 216.323 217.7759 217.5488 216.8813 215.7638 213.1681 213.1443 212.4389 211.214 211.214 211.214 213.6561 214.4469 216.1866 221.6728 227.5334 218.8865 218.8865 218.8865 219.0129 224.464 224.0815 217.9943 201.5099 202.505 219.7455 224.614 229.1732 231.237 227.7185 230.2764 225.7684 229.4293 230.9723 226.5323 228.495 221.1933 222.833 221.1933 224.5739 234.1482 228.6423 231.9875 228.9336 228.9236 216.7676 220.8525 222.8882 218.1529 215.2955 209.1412 197.814 197.814 206.3473
215.7041 216.5369 218.8317 222.2488 218.194 221.1049 221.457 219.6165 220.563 220.3444 216.223 215.4709 213.7609 213.1681 213.4226 215.4071 213.3697 212.6058 211.214 212.3341 211.8759 214.0858 217.6001 222.0909 218.4651 225.5128 225.9204 229.4314 222.304 222.4155 220.2634 218.9659 211.4767 200.5552 207.0966 222.6131 220.5014 227.6861 224.0022 226.8118 228.1003 234.6346 230.9682 228.8142 227.7276 233.6257 230.2463 226.0691 223.6912 228.114 229.9283 227.8451 223.9738 221.3333 220.7517 216.7676 220.056 218.257 207.1967 209.2493 197.814 208.4263 214.017
210.5608 216.7725 218.7713 216.2387 216.2387 217.9177 217.9177 219.085 223.6237 221.6184 216.465 213.639 213.639 215.856 215.2667 215.8854 213.4759 213.2416 211.214 213.4474 212.5332 208.9722 216.8356 217.1768 214.0229 228.1907 229.0117 228.5581 225.7958 224.718 224.6144 215.2792 213.4261 200.5552 203.7345 209.1229 209.1229 209.1229 216.2669 224.9233 229.8367 226.1512 226.1512 226.1512 232.2286 231.8766 231.1139 231.1746 223.7612 226.4522 230.7036 227.2412 223.9836 223.5513 217.7661 220.8233 214.4088 213.8069 207.1967 207.1967 199.8475 202.4805 217.0102
212.4743 214.7778 216.6809 217.2148 216.2387 218.5883 218.464 220.8725 219.4234 218.2553 213.8535 213.8192 216.7469 213.7241 215.051 212.569 211.9116 211.214 213.2464 215.0402 214.4291 208.0697 206.6805 213.2252 218.0477 225.3099 225.8932 229.6179 225.517 228.7697 231.1698 219.3863 207.0169 202.2184 200.5552 215.3526 217.6009 223.5202 225.4628 223.7931 226.1512 226.1512 227.7983 229.5215 229.9357 229.9357 235.2301 232.8957 229.5268 232.4904 236.425 234.7252 225.3931 221.3826 223.1532 224.0102 223.7077 219.6166 218.1599 214.9761 201.2695 194.5945 205.1639
219.8889 217.6152 215.6586 216.2387 216.5083 217.9336 218.2684 220.5456 217.7397 215.8474 213.2585 212.9654 213.1497 211.9321 211.9321 211.9321 213.3353 209.8768 212.6709 214.6803 213.4249 211.1565 206.6805 209.0164 218.7704 220.6014 220.3615 221.5377 226.8559 232.4741 225.9305 221.6185 213.7181 206.305 199.3124 215.4975 227.5058 227.5067 225.7293 235.1923 232.8745 231.6311 233.177 231.5804 230.918 231.9555 231.6993 233.0775 235.0281 231.0876 227.133 231.0112 225.1433 221.0956 219.4344 223.2948 221.0592 214.7797 218.0517 211.7836 209.4263 205.7032 194.5945
217.7884 213.2334 213.5664 213.328 213.0235 214.7474 213.184 210.1877 210.3867 210.774 212.9654 213.0255 215.3073 215.8465 215.8541 214.5508 212.723 209.8768 212.4791 214.1949 213.4907 212.7738 211.49 206.6805 206.1362 209.2353 217.7402 218.5092 226.9984 229.5272 230.5702 219.1984 212.6267 205.3302 199.3124 204.0103 210.1447 220.4797 232.2173 232.7492 231.9484 232.2561 234.5895 231.4266 235.1694 238.0674 234.0414 235.2715 235.8672 230.4022 227.1775 227.133 226.9853 220.599 219.7746 217.4692 216.7798 214.3274 218.0144 215.1169 205.7695 198.9614 195.3527
215.9119 213.2334 214.5393 213.1748 211.8644 210.1877 210.1877 212.1995 214.2451 214.4142 219.6311 215.5604 216.0167 215.4969 214.7977 213.5942 210.9056 207.3615 210.4588 214.3871 210.9025 211.6568 211.4497 211.0242 207.0017 201.524 210.0913 217.5098 226.1033 227.4302 227.2013 225.3787 225.9791 215.4855 199.3124 200.4343 221.3521 223.5185 228.275 231.0327 235.2732 236.7664 239.0552 236.8798 233.3367 232.7707 237.4598 234.2155 236.6785 233.6903 226.8693 224.1609 220.0543 222.7723 214.5236 216.7843 215.724 214.3274 214.3274 214.9964 208.1833 199.8639 194.5974
216.8474 216.5208 213.2334 210.2713 210.1877 210.2815 213.9094 216.3895 215.4861 217.1085 217.926 216.0124 214.3378 213.3824 211.7066 212.7591 207.8847 206.6983 209.7359 211.7765 212.0502 210.6874 208.7092 207.6176 204.3006 200.1283 205.9768 214.9258 219.9839 224.7609 228.4133 234.2184 223.6704 209.6139 198.8849 198.8849 216.5737 223.1527 227.1729 230.4778 232.8152 242.0084 233.9708 232.8329 232.4676 231.4814 230.5797 232.1784 225.1307 230.9565 221.0056 215.5771 216.1525 212.6054 213.3553 217.7184 218.8213 221.3202 217.1083 213.7312 212.3689 208.6096 188.0406
212.9733 210.953 210.1877 210.1877 212.8529 217.8175 220.9877 215.66 215.0894 214.8161 213.6737 213.228 214.9125 214.8714 213.1895 207.8847 209.0155 208.7698 204.9502 203.4997 203.207 210.2284 210.79 205.3634 201.9259 200.1283 203.7849 212.817 218.6544 223.9716 228.4735 228.207 225.9396 207.1116 199.0074 198.8849 222.3319 228.2791 230.4177 232.8377 235.4483 234.3237 235.3318 234.005 226.4905 228.8062 227.9759 223.0035 223.7814 222.7012 213.8744 207.1625 212.6054 216.7595 220.4358 222.9198 221.1383 215.3613 210.5488 207.3188 202.674 196.1517 188.3836
207.1969 204.5245 213.4625 214.413 212.7257 215.8916 215.7488 215.188 216.341 215.9135 214.1876 213.317 211.0423 208.5619 207.9929 210.1224 211.9892 209.3991 208.6865 201.7273 208.9017 208.7866 204.9234 201.4988 200.1283 204.3068 207.1302 210.2102 216.555 221.0008 225.4465 212.2316 238.6399 210.625 198.8379 198.6567 216.3375 226.3582 229.1436 230.8191 225.5622 226.32 230.7084 231.3392 233.2095 224.6969 219.6168 219.4306 219.2109 213.0127 210.7661 205.2372 217.7058 216.1408 216.1408 216.1408 222.4933 216.1871 214.5024 199.1502 202.2323 187.5374 185.3365
204.5245 210.5058 206.3967 207.208 213.1949 211.9688 212.7748 211.8854 212.6955 210.9058 210.9058 213.6461 213.385 214.1402 212.0014 211.4263 210.4219 207.6902 209.2402 201.7273 204.4496 204.3972 204.3898 199.3173 199.895 203.1005 204.0233 210.6412 223.8254 225.0071 216.9546 210.1488 204.4606 205.4251 196.1953 204.2452 217.0285 224.4406 225.4222 225.2445 225.8078 225.2445 226.8752 226.8752 236.4773 228.5995 226.5763 221.9377 212.7646 210.7672 204.324 216.4139 219.8981 216.8003 221.1499 216.3316 217.211 204.3932 203.4386 195.9179 182.4794 187.7256 182.2212
218.3125 216.45 214.603 213.1704 213.3341 215.3757 211.1051 211.7121 211.5389 210.9058 212.3549 211.953 211.5654 211.1165 210.2176 208.7747 208.3089 205.6182 204.5987 199.5972 202.3947 205.3693 201.7385 197.6418 197.0679 202.356 203.8213 208.1142 208.7602 208.3187 194.913 198.5071 198.0007 196.1953 196.1953 218.1218 225.6855 224.5969 224.4225 229.4063 225.2445 225.5178 228.5359 228.3578 233.4193 231.1174 225.7072 219.1918 222.5814 213.5668 204.324 208.9124 213.4084 212.0877 215.9122 219.7612 210.581 193.4961 182.2212 182.2212 182.2212 182.2212 182.2212
221.7379 211.2111 211.2111 211.2111 212.8177 211.2111 212.1049 210.2894 210.2642 212.7393 211.5374 211.3629 209.8218 209.9377 208.5352 210.0711 203.7928 204.1189 199.5972 200.9903 202.8185 200.6343 194.3295 199.18 195.8437 193.4785 193.8566 194.913 194.913 194.913 196.0812 194.913 196.1953 204.9359 217.9728 221.693 216.6307 220.0079 225.2411 227.5229 228.0486 226.1158 224.635 225.1255 228.944 230.1332 226.5903 229.3021 225.908 218.228 210.0204 204.324 200.3289 206.2914 206.8688 198.0616 182.6523 182.2212 182.2212 184.8466 197.5328 212.4194 206.5414
224.3545 219.608 215.8706 213.2999 211.2111 211.2111 212.071 211.2373 211.8544 208.9031 210.6066 209.6955 211.2742 208.5964 206.1686 207.4581 201.4732 202.4238 202.7283 194.4535 198.9705 193.5852 192.9907 192.9907 193.4785 200.9645 201.3519 207.0712 210.2136 210.6555 219.4467 219.2787 219.8619 217.8945 217.8496 210.979 223.5701 228.6812 228.0413 230.9218 232.0453 226.3472 219.3351 222.6292 228.9599 231.2814 230.0765 222.2451 226.9621 217.8221 212.6225 194.116 199.5688 208.5701 186.644 180.1452 183.5395 182.2212 193.7933 214.8651 221.2887 209.012 214.8354
225.538 221.9268 217.0247 214.57 214.2391 213.0054 213.0985 211.9335 210.2883 209.8322 208.7738 205.7712 206.2444 203.7328 203.3442 201.3247 202.3701 202.4042 200.6838 194.8551 190.419 192.9907 196.03 200.371 205.1304 203.5618 205.1554 206.8522 207.1821 207.4675 215.295 216.3752 216.4271 211.4987 209.9814 216.9897 219.3405 220.8189 223.8344 226.6837 231.6001 220.5443 219.7827 219.3351 225.1104 224.6009 226.0418 224.9685 218.2889 207.6456 187.2136 189.9217 182.6801 180.1452 180.1452 181.7531 191.6402 211.8737 213.7831 222.6504 208.7524 197.1615 200.4961
223.4848 229.2214 219.9024 216.8387 214.1248 212.3971 212.0026 209.8798 208.8356 208.4159 204.7913 203.8831 202.9312 204.206 202.8932 200.2289 197.9862 197.5346 193.601 190.419 195.2974 196.1848 197.8852 197.809 199.0374 201.8607 201.2012 201.3661 206.8769 206.5098 207.8715 207.6732 207.6732 209.1065 212.7956 216.5099 220.0247 221.7779 223.9316 222.993 223.4151 213.0365 214.313 220.2259 223.8562 213.6946 220.5819 203.4495 197.568 181.2898 179.7775 179.712 180.4996 180.1452 180.1452 180.1452 180.1452 180.1452 180.1452 184.1328 183.6454 183.6454 183.6454
222.707 229.2121 224.6036 216.2822 211.0336 212.2645 209.3686 209.9236 211.796 209.8742 207.4799 202.3075 199.9579 197.7184 196.1412 195.1361 191.5115 190.9699 190.419 195.9225 194.808 194.919 195.7364 195.8931 196.519 199.5588 200.7554 201.7022 204.2072 202.0811 203.5703 209.9044 209.5992 209.8411 211.3452 213.7265 217.3916 221.8779 222.3879 216.1567 216.5751 209.763 208.6836 210.7252 185.1826 182.1961 181.0707 180.1643 179.2707 179.1622 179.1622 179.1622 180.1452 191.3753 199.7078 206.2681 210.6941 199.3168 200.0064 196.8368 189.1055 186.3058 191.6644
227.5032 234.3512 229.0541 219.6806 213.1507 210.1876 207.9834 206.7803 207.055 207.5496 203.5501 200.8165 200.4235 199.5479 197.4353 196.7198 190.419 190.419 192.7648 197.0746 196.7368 194.6004 194.8507 195.9669 195.8931 197.5309 197.7721 198.015 202.0811 202.8753 203.8862 206.6217 210.6925 213.6044 217.9019 215.4117 216.3584 215.0953 219.8767 207.3851 195.601 183.8542 179.5677 179.1622 179.1622 182.6829 179.1622 179.1622 179.1622 186.2897 189.9075 201.9681 213.3784 209.5038 207.9157 213.0869 213.9919 215.8016 200.7353 217.4961 214.4453 210.0845 206.2589
222.8132 233.4958 221.1579 216.2551 213.072 211.1219 211.2732 208.7342 204.1455 203.8781 201.3583 198.9756 199.572 199.9898 199.6655 191.453 190.419 191.6197 195.5821 196.3324 196.5126 194.7786 194.6004 197.929 198.6142 200.3856 207.5415 200.2529 200.438 200.8319 201.5466 204.1438 207.9286 214.4219 216.3037 217.1092 213.2918 213.0098 203.6169 182.8559 179.5583 179.669 179.1622 179.1622 180.0523 179.1622 191.7711 208.157 218.9533 216.7411 209.16 211.4662 213.7318 214.9189 214.768 216.9502 218.2649 221.1857 218.5762 207.6774 219.5226 225.7897 223.5311
218.6464 228.2551 223.0468 218.0755 213.3046 213.5021 208.0261 208.7913 203.9793 201.3842 201.7198 201.3441 198.9756 199.1403 196.0055 191.5858 188.6705 193.4692 194.5639 193.419 196.0546 192.5843 194.6508 198.4569 196.566 198.4764 199.0063 199.0063 200.0215 204.1073 203.3714 204.0145 205.8487 213.2986 213.2159 210.2262 191.8095 179.1622 179.715 179.3935 179.1622 179.1622 182.7608 205.7682 197.6424 221.6199 209.525 224.7594 224.7978 224.4655 219.4682 217.834 216.2485 213.7318 213.7318 213.7318 222.8601 215.9918 214.2764 218.9387 220.6138 221.4478 226.931
218.6061 224.081 221.8441 217.1002 211.9282 210.4211 207.2688 202.6628 203.1366 202.9464 204.1735 200.9642 196.2428 193.5611 190.6663 189.8038 187.397 192.6562 193.5519 192.6744 192.5843 193.0963 193.5367 196.1341 196.3567 199.8301 200.9214 201.0826 206.2543 201.7524 202.9076 207.0239 205.6099 207.2636 197.0203 182.382 179.1622 179.715 179.1622 179.1622 186.251 209.1991 222.5999 222.6745 218.5379 221.5932 224.7798 216.2527 222.1081 223.5418 221.7469 223.9648 220.746 215.4281 219.0234 221.1578 223.8587 222.416 222.1201 215.8571 211.9644 223.8277 231.4493
218.4877 222.5977 215.8034 214.6295 212.8925 207.338 203.9353 200.9193 204.4633 201.5737 197.8633 195.3352 194.8209 194.6144 190.8568 190.3625 185.8801 193.022 194.9083 193.88 191.6598 192.9504 192.6951 194.8895 198.7841 198.7565 198.4518 197.8331 198.0304 197.9301 198.1008 198.9181 197.9714 186.1502 181.4864 179.4909 178.8584 179.6819 181.2494 197.8308 218.7264 223.3301 224.5078 230.0347 228.3376 228.5377 228.6147 223.9674 224.8611 224.7609 222.985 217.2769 213.2963 215.2562 215.4249 217.2361 217.9324 221.0101 227.9284 212.3964 218.2782 211.9644 224.4494
215.751 221.2182 211.4449 214.3797 212.5702 205.1307 199.2752 203.897 202.7463 197.7845 195.5348 193.6058 194.6572 193.3099 192.0585 187.1862 185.8801 192.8918 190.8604 189.7179 190.1884 191.4713 193.3022 193.4589 193.0916 190.1964 190.1964 190.1964 190.1964 190.1964 189.0612 189.0612 187.789 185.0946 179.6801 179.3625 178.6233 178.6233 200.6546 204.5453 217.1888 218.889 229.7146 229.0407 226.9621 222.4029 219.9611 216.1849 211.7318 209.0365 209.0365 213.5026 212.87 212.87 215.075 223.5404 222.67 221.2661 221.1488 213.0454 216.263 211.9644 211.9644
209.9302 212.878 208.722 210.1438 207.4887 205.4073 198.1318 198.161 197.9864 196.8921 194.2064 194.8235 193.4819 192.119 187.3231 192.2728 185.8801 187.3323 187.8432 192.1619 192.434 191.353 189.401 189.401 190.7222 192.8846 198.675 202.51 195.0361 203.463 200.4085 195.4608 190.7573 184.5951 179.0007 179.1711 178.6233 179.0143 189.3362 208.2203 216.189 204.5174 200.2604 208.1147 207.2928 207.2928 207.2928 207.2928 207.2928 211.775 211.3308 211.75 217.0172 213.8762 215.9984 210.1088 216.1473 211.9491 211.9491 211.9491 218.376 216.5378 217.6362
207.2484 208.9666 208.1097 207.7692 204.6768 201.1326 197.9937 197.0521 195.0262 194.0139 193.519 191.9362 191.9844 190.671 186.3157 188.776 184.0898 184.8983 185.8055 188.9982 189.6637 189.401 193.7534 197.4696 200.8028 200.013 202.2098 204.1558 203.1756 203.8459 203.7867 197.2962 185.2701 180.2556 177.1662 177.7159 177.2833 179.2175 202.4392 189.3362 190.487 192.4066 195.4963 207.2928 209.0038 220.4561 218.1225 213.8676 212.253 207.2928 207.2928 207.2928 207.2928 207.2928 207.2928 211.0563 211.9491 212.3216 211.9491 211.9491 212.59 217.7275 222.0793
207.5563 216.4882 209.213 199.8858 200.7365 198.3322 196.0276 193.6355 193.8152 191.7068 191.8731 189.2722 186.7883 185.7686 185.259 185.81 183.1488 183.4592 189.7086 185.737 189.401 191.4511 194.9725 194.8459 196.0893 198.0527 200.7344 204.2696 209.0383 210.6819 200.5444 189.1671 186.0595 178.9969 177.0953 177.2833 177.3242 178.8651 193.5537 198.1329 202.5422 207.6507 207.4848 214.4405 220.6781 225.7566 225.749 226.5653 225.5648 214.199 225.7306 213.474 221.2995 224.2609 211.5564 219.6579 228.3332 223.6058 217.2042 215.368 215.2934 218.1593 215.2934
