data/elevation.asc
ncols         90
nrows         185
xllcorner     -88.284722219292
yllcorner     41.348833332895
cellsize      0.0062000000000001
NODATA_value  -9999
[rows 28 to 55 of 185, columns 0 to 62 of 90]
247.9179 254.4909 250.182 237.917 228.054 228.054 229.4943 229.6906 228.054 228.054 235.2725 232.887 231.5834 231.9774 230.9884 234.3691 240.9598 236.6064 234.7579 234.6802 234.8193 240.1252 238.1747 246.1504 247.8421 250.5531 243.2725 242.0585 243.4991 243.6608 243.8659 243.4641 240.8265 240.8265 240.9971 244.7516 250.8417 243.5999 240.8108 240.729 244.4431 248.9467 246.4903 246.8279 244.4563 243.1614 231.7556 235.3954 225.3695 226.988 215.2966 205.5498 200.4279 207.5958 212.9439 209.6472 205.2012 207.6763 215.1825 215.7507 212.9733 212.3681 210.9916
250.2278 253.3694 250.8062 241.5659 228.054 228.054 228.054 228.054 228.054 232.1811 228.054 229.7397 228.6356 228.5681 234.2513 232.8885 237.743 237.61 236.4382 235.6788 234.6802 237.643 244.0111 250.6208 243.7795 244.8478 240.9612 244.5318 249.5653 244.2438 243.5513 240.8265 240.8265 240.8265 240.8265 244.3471 249.5757 250.0061 243.7129 243.9407 243.6167 253.0946 251.9193 246.2986 243.4469 234.3718 229.0857 233.2483 217.905 214.4516 213.5345 209.5407 200.8593 200.4279 200.4279 203.9186 202.0294 205.8879 210.2928 209.6315 211.105 210.11 216.6158
250.9314 250.4149 249.0303 238.6 228.054 228.054 228.054 228.054 229.9938 228.054 230.9329 231.8957 228.054 231.6284 229.9864 238.2455 235.1432 237.643 237.4989 237.6459 234.6802 238.0889 241.4046 240.8363 240.4826 240.9612 240.9612 246.6604 243.7902 240.8265 240.8265 243.1603 246.9285 241.472 244.1942 251.0115 251.0539 249.9513 249.9598 246.5332 251.195 252.1878 252.929 247.5775 240.5055 231.5236 228.8041 227.2519 217.1811 218.1327 209.5407 212.2248 206.8893 200.4279 201.9285 200.5039 201.105 204.3448 212.69 210.8426 209.6315 209.6315 212.3598
253.218 242.8102 238.6 242.3023 228.054 236.0831 228.054 228.054 228.054 228.054 231.3556 228.3338 228.054 231.6451 237.0562 245.2887 237.0705 237.1556 237.6418 235.3784 234.6802 238.0238 241.4939 243.6264 239.7433 242.2544 243.7233 241.2576 245.6543 244.043 241.329 240.8265 240.8265 242.4792 247.1898 247.4885 251.7824 249.9513 250.7019 254.2698 252.8388 252.5348 248.9816 239.6355 231.9073 228.8041 238.3497 226.2152 224.9571 218.2736 213.356 215.0786 216.5385 207.026 198.624 198.624 200.3217 204.2815 215.7316 213.4766 210.1795 210.1802 209.1664
249.9876 243.6471 248.4065 248.3785 228.054 229.6623 228.054 228.054 228.054 228.054 228.472 228.054 229.6974 228.8987 233.3793 233.3793 233.7468 233.7468 234.6802 234.6802 234.6802 240.7476 245.1366 236.7784 236.5672 247.6718 245.6653 248.2759 247.3526 253.6025 240.8265 243.1212 240.8265 246.3258 248.4817 250.8783 250.7884 254.1596 254.6797 255.402 247.3758 250.0193 246.7771 239.544 231.3743 236.9848 230.1662 225.9705 223.5293 219.1618 213.499 213.356 214.0029 209.3602 198.624 198.624 204.803 206.9846 216.1451 213.4612 209.4822 207.2148 210.9709
256.3906 246.4161 247.4583 230.4338 228.054 228.054 228.2628 228.054 228.054 228.054 228.054 228.054 228.054 228.3269 234.381 233.8592 234.7487 233.7468 234.793 234.6802 234.798 234.6802 234.6802 234.6802 253.4557 238.5865 246.2141 244.0717 246.1154 252.8994 250.0067 241.1634 245.5762 243.4942 247.4761 248.7629 251.0889 252.929 253.6427 255.1189 253.9397 243.529 240.3932 241.0347 231.8206 236.8497 233.8671 224.3999 225.7714 216.6867 214.8347 213.356 215.5121 211.7613 202.4608 198.624 200.2544 207.0146 213.2675 210.205 211.7521 208.904 207.205
249.6352 234.7359 234.3572 228.054 231.1582 228.054 228.054 228.054 228.054 228.054 228.054 234.213 231.9108 228.054 229.5352 231.6964 237.8 233.7468 236.1756 234.6802 236.1392 240.0988 240.7281 250.6534 244.8611 249.1075 238.9011 240.3622 241.329 242.2357 243.2208 244.4618 243.6469 243.4942 246.021 243.4942 245.129 250.7698 252.288 258.8103 254.5211 250.2338 241.224 236.6059 229.9649 235.6468 219.6245 219.6245 218.405 219.2244 217.7847 213.5586 216.6962 212.5338 204.5902 198.624 198.624 210.3131 216.3934 213.6371 211.1367 208.1093 206.4216
231.5137 231.4859 230.7142 231.7674 243.3766 241.9528 242.1931 242.8315 236.896 228.054 228.054 228.054 228.054 228.054 228.054 244.4155 244.787 233.7468 238.5012 243.4637 239.0079 240.2374 244.1097 239.5686 239.1335 239.2183 251.8975 252.032 247.5792 249.5415 252.5761 250.7133 243.6037 243.6623 243.4942 243.8102 247.199 255.829 259.7637 253.2817 248.9823 242.3947 241.5912 231.1504 229.9649 231.3026 231.35 227.5838 222.419 221.7293 219.4432 213.6821 218.8893 214.3256 201.1523 198.624 199.822 207.6601 216.3508 213.151 210.3681 207.0643 204.7181
236.073 237.7714 237.8605 253.9691 251.0222 237.7943 237.7943 237.6743 234.2992 228.1157 228.054 228.054 228.054 228.054 230.9001 232.1429 237.7478 239.3389 240.0213 240.1121 237.6449 240.2847 240.5142 241.0431 237.5557 237.5557 241.8061 241.8061 254.0262 254.3649 249.9513 251.679 248.0879 244.2443 246.4506 257.388 250.4647 256.9625 261.7933 251.5236 252.5092 244.6229 236.4874 231.9009 229.9649 231.6175 228.3305 224.1156 220.7411 219.4915 214.1009 214.4788 218.4994 215.9819 203.4544 198.0387 198.9069 207.057 216.1031 213.4034 213.8338 210.1971 204.7181
263.5623 258.6245 259.3207 261.8763 251.6406 252.8055 243.0745 256.1651 234.1965 228.054 228.054 228.054 232.7787 228.054 228.054 228.054 228.054 228.054 228.1196 241.0187 235.438 240.5956 237.5557 237.5557 237.5557 247.3398 250.4346 241.8696 253.6889 257.2369 253.3185 256.4023 259.0339 248.5074 246.2885 251.1223 257.826 250.2238 256.1944 249.2709 247.004 243.089 231.9178 230.2799 231.9437 221.7758 220.9447 219.5402 219.2193 218.4322 213.205 213.0544 216.5104 211.9366 204.3233 198.0387 200.4444 201.9888 208.4033 217.1219 213.2804 209.2738 205.766
278.5815 271.4861 262.601 259.875 261.0578 262.9119 262.1484 249.0604 229.6867 228.054 232.257 228.054 228.054 228.054 228.054 228.054 232.6239 238.399 228.054 231.8839 235.3625 237.5557 237.7447 245.3474 243.7389 240.0931 239.9435 252.9492 258.1092 273.9043 261.0903 254.891 251.8696 257.104 256.1039 251.9887 247.1278 250.9235 248.0426 250.4644 238.9892 239.6904 235.2966 231.5004 231.529 228.5941 224.3977 224.7306 221.9991 220.637 214.8267 211.705 214.6019 211.2445 204.4126 198.0387 198.0387 202.0874 205.0311 213.7936 214.2852 207.5744 205.8537
266.6627 261.7282 261.3063 258.9823 258.9192 259.6121 237.5504 229.6867 237.3287 228.054 228.054 228.054 228.054 228.054 228.054 228.054 228.054 233.1301 228.054 228.054 235.4789 236.4566 240.9395 242.6306 243.4777 239.9435 247.688 254.21 259.2892 266.7773 271.0901 270.0065 266.3249 260.3201 257.9453 251.7212 250.521 243.011 243.011 239.5371 238.582 238.4602 235.6754 231.3188 228.1366 228.1366 228.0398 221.3779 221.5263 221.3467 214.7471 209.89 211.2532 212.0647 207.2757 198.0387 198.4913 200.4354 202.4262 211.0794 214.4655 210.3779 208.1227
274.9938 262.6571 260.5019 253.0532 256.1143 250.5246 258.025 246.3436 237.2287 228.2808 228.054 228.054 228.054 228.054 228.054 228.054 228.054 233.487 228.5762 228.1649 238.4165 237.9621 235.8559 234.3271 241.2312 239.9435 255.2402 247.688 252.9091 265.0824 269.9612 270.8566 270.3261 266.1001 262.4397 260.0178 255.4349 244.5834 245.8943 241.6526 237.4594 237.4707 237.0232 234.1806 234.6269 231.0129 224.0286 221.1724 219.7637 222.188 218.4842 209.89 209.9513 209.4375 207.0406 198.0387 198.1149 202.4578 202.804 202.4262 205.8485 213.7629 207.6161
271.0411 269.1277 271.0686 250.5246 250.5246 252.6435 245.773 245.773 240.0709 240.6487 231.0716 228.054 228.054 228.054 228.054 228.054 234.4438 240.2776 228.1649 235.7056 229.8908 234.3271 234.3271 234.3271 234.3271 239.5064 251.0585 260.3181 262.0291 261.929 264.6904 262.1704 264.8661 269.1453 271.2729 264.5382 260.1773 254.204 248.3699 242.117 235.1314 233.9417 234.487 234.4446 231.1755 231.2744 226.362 222.3973 220.8906 219.6658 216.7056 212.1297 207.2225 207.2225 207.3492 199.0562 198.0387 206.5027 206.2006 204.6264 204.117 208.694 210.4087
270.6828 270.1823 264.7925 250.5246 251.6593 250.6049 258.5326 257.2218 262.6097 269.2452 253.2009 243.469 228.054 228.054 228.054 228.054 228.054 232.308 232.6321 228.3694 239.257 237.1258 238.7309 237.1068 247.6178 255.0114 258.0446 262.5024 259.3111 265.1956 262.1704 265.5352 268.572 277.062 273.8345 264.7679 251.132 244.4178 241.0632 237.2833 231.8405 230.7558 234.7794 229.3354 220.5128 225.1491 221.8795 223.4521 226.5856 222.4439 214.897 209.8054 207.6198 208.6503 204.0055 201.2742 198.0387 205.3898 201.9795 211.6961 207.8729 205.6197 213.2696
264.127 256.9897 256.9897 252.256 255.2181 258.5112 262.0656 262.1347 262.047 263.4826 263.8032 254.9167 241.7192 237.5909 255.184 233.4806 228.054 228.054 228.054 228.054 228.054 233.7805 239.5399 246.6984 254.4823 253.3681 249.3411 256.6929 265.66 259.3111 259.9358 263.8887 266.9653 265.5611 265.5611 252.2293 257.7352 248.7062 239.8484 237.6355 234.8661 226.9615 226.9615 220.9034 219.7638 219.5254 217.0825 222.1703 228.5073 221.7561 218.4265 209.9994 207.6198 212.6731 209.122 201.5297 198.2021 198.0387 199.6095 206.1697 208.2398 205.9767 205.6217
278.3354 274.6984 268.3894 262.0498 261.2615 253.2207 261.0058 263.5721 259.1385 262.9152 266.6074 268.1878 259.0384 245.586 237.3439 228.054 228.054 228.054 229.6679 228.054 228.054 249.2227 242.4578 247.3567 252.699 243.4421 258.662 261.3666 259.4194 259.3719 260.3539 259.9358 269.6071 269.2163 266.8473 262.5826 257.52 246.3819 241.2719 238.3754 233.4346 226.9615 227.6825 229.1135 224.8036 225.6078 213.1653 213.7254 225.9126 222.3884 211.3313 208.7755 211.3183 215.4819 210.2696 204.3184 197.3815 197.8899 198.921 209.456 208.8518 207.3162 205.7306
271.9727 267.8356 266.9418 262.0597 259.5076 253.4308 253.2207 251.6568 255.2107 260.8509 255.1238 262.7341 251.8315 245.0731 228.45 228.054 236.6271 228.7713 228.1086 231.6737 241.5056 245.2074 241.306 248.9839 242.0827 249.1873 253.3865 253.5944 253.5944 254.1787 272.0895 260.9449 265.1339 265.0258 266.0886 259.4153 249.9643 242.529 240.1303 237.1962 231.4532 231.2859 228.483 227.9683 225.1781 225.3591 222.2981 212.6531 219.3358 223.7273 210.2574 207.0955 210.7023 213.9475 210.0503 201.3681 200.2549 196.9301 207.7699 209.7938 210.2911 206.8865 204.117
269.4944 270.7346 265.197 256.7043 261.7963 256.0447 249.1891 244.5773 241.9968 233.986 233.986 235.8243 231.7756 228.2274 228.054 228.6986 230.9541 228.1086 234.4908 244.4188 231.3226 231.3226 233.4269 241.8381 248.5046 241.8423 250.1899 254.2144 253.8267 261.6346 264.2289 260.8035 259.3832 271.4647 264.7491 259.1989 254.9517 243.4211 240.1335 234.4422 234.3553 232.3384 227.9683 231.3648 228.7259 225.4705 227.5038 219.9247 210.8672 208.1192 207.5948 206.1429 206.1429 206.1429 206.1429 202.7715 203.1649 196.9301 197.9209 200.0435 211.8819 208.9706 205.827
268.0566 265.197 270.6774 264.7759 248.4036 264.0933 244.004 238.79 233.986 233.986 233.986 248.3169 256.8619 231.01 236.5285 236.7841 241.1975 240.6973 230.9962 230.9962 236.0104 240.54 231.6698 237.0612 240.0746 240.2863 258.0834 262.1011 257.229 262.0027 259.3289 259.2231 269.5157 268.1896 265.0686 259.0864 250.7934 244.1111 234.3603 239.2776 234.629 231.6293 229.3617 228.6674 226.6418 224.2385 225.1101 218.9699 212.554 213.7289 211.725 211.6849 210.9564 210.6643 207.5658 204.5355 197.6689 198.4866 196.9301 196.9301 200.8284 209.1893 204.3118
271.0438 276.5477 267.2201 247.9199 231.7376 235.4033 233.986 233.986 233.986 233.986 241.6934 233.986 231.01 236.3895 237.3246 240.9052 241.5558 239.8412 236.2325 231.9016 231.037 235.6489 236.6748 250.7665 241.0403 252.0547 255.5944 253.3398 258.9045 257.229 259.2231 268.2132 267.8917 262.33 259.3539 254.8083 247.2719 240.929 240.1363 231.7152 230.638 232.7172 235.0879 234.8665 224.3099 215.5649 218.1986 214.5511 210.4324 215.3273 211.4088 209.6205 209.9821 209.2299 207.6161 203.1212 201.6531 196.9301 196.9301 198.9586 199.4428 207.4759 205.615
253.4745 249.848 246.1644 231.7376 231.7376 242.1557 242.6126 239.9505 233.986 235.2968 236.0352 248.3102 233.637 238.4397 236.3895 238.0437 238.0185 238.0374 231.9016 236.0432 233.1126 247.2644 242.1321 255.137 256.6246 256.5072 259.2527 253.2753 256.0691 258.3033 265.5598 270.0719 267.462 261.3643 256.8724 249.3065 247.3209 243.6522 240.8703 232.2179 231.685 230.5056 228.223 228.7714 228.3696 228.0034 214.2603 214.2603 211.3765 210.4324 211.7424 209.215 210.1025 210.2645 206.9756 203.8937 201.6382 197.4942 196.9301 196.9301 199.6134 206.1576 206.9671
271.1968 267.9991 238.6348 231.7376 254.3949 259.7807 260.8687 255.2689 261.9668 234.9013 234.9013 236.4274 242.1889 249.9095 251.1951 243.0486 239.351 235.5277 234.8003 242.1423 243.9494 249.423 250.038 262.9044 269.7126 257.6591 261.3838 261.3696 253.2753 255.5815 262.183 267.7127 265.2898 259.1067 253.528 249.6034 244.4408 236.8055 237.4611 228.9678 229.2157 230.653 231.5387 227.6703 231.1532 223.9559 217.3588 215.1967 215.2371 212.7359 209.7287 207.4427 210.2134 208.717 207.7962 202.9127 200.66 196.9301 197.2129 196.9301 198.017 208.4513 208.754
266.0863 231.7376 231.7376 267.6918 265.1567 261.4266 262.0266 268.4645 266.2073 266.0549 263.3622 247.6206 236.4274 251.7011 245.9801 243.0808 240.7512 235.1118 243.4747 243.9957 243.8899 253.6806 259.0298 256.3529 251.0708 250.0173 250.0173 252.2643 250.3181 257.099 268.5498 267.0985 268.2144 257.5745 258.6375 244.3463 241.7061 240.7416 236.8055 230.8457 228.9549 227.6703 227.6703 233.6779 224.927 222.8567 220.7355 221.0102 217.6588 217.0358 208.8532 207.3384 207.3384 208.485 206.8281 201.5961 197.793 202.9408 196.9301 196.9301 199.7037 201.0698 207.0867
220.1301 258.8235 264.3875 264.8482 269.3446 262.8627 262.034 262.037 262.5082 258.8227 257.9264 245.5361 240.2517 242.7794 237.7302 237.6361 237.4549 241.2994 240.7384 240.17 242.7389 248.0654 249.7686 251.9585 250.0173 252.2307 255.8399 250.0173 253.3569 259.8735 257.099 262.1992 266.0472 254.7565 254.0403 252.9614 239.1317 235.6926 235.044 227.6703 227.6703 227.6703 234.6885 234.6533 231.4856 227.4478 223.4079 219.271 215.52 217.4005 210.1593 207.3384 208.8638 206.9979 205.1757 201.9819 197.5294 196.9301 196.9301 196.9301 196.9834 197.4013 203.6903
252.6279 264.6089 261.7533 264.0021 268.9431 264.4297 264.9839 263.2946 263.9216 256.6494 258.702 241.9875 239.8148 240.535 238.1832 240.8981 240.0395 240.17 240.17 240.6999 240.17 246.3397 252.9945 252.8713 250.0173 250.1805 250.0173 250.1432 250.0173 257.7968 257.229 260.5811 258.7176 258.7941 249.9194 246.7811 239.9574 239.5307 237.4431 231.0635 231.9951 227.6703 228.6246 229.578 225.3938 223.2232 222.8967 218.1394 213.4345 212.1563 209.1971 208.37 209.0986 208.3768 206.5651 202.1483 196.9301 196.9301 196.9301 196.9301 196.9301 197.3638 197.2273
250.9096 255.8288 262.7547 261.7533 261.7533 263.2611 266.6813 265.7978 267.9129 259.4163 255.4815 240.4326 244.9541 239.8148 246.3446 240.3165 240.0395 247.3679 240.17 250.7179 249.9346 240.5979 244.0053 245.9588 248.9171 251.9963 255.3773 250.1782 250.0173 257.0821 264.4436 258.1715 255.929 255.8211 255.9521 248.7675 245.8072 241.2776 239.6929 233.8463 230.3122 228.9227 232.4892 228.8061 228.8537 222.3275 217.2614 213.4345 213.6326 208.37 208.37 208.4494 209.1496 208.963 205.416 200.846 196.9301 196.9301 196.9301 196.9301 196.9301 197.2273 198.017
239.3528 255.1767 264.4592 265.5171 265.4503 268.5862 252.5952 248.0586 245.2696 239.9031 239.8148 239.8148 239.8148 240.6793 255.0157 258.3319 241.9382 255.5315 243.3989 249.6275 249.9585 243.0438 249.6314 256.2798 255.6935 257.7142 258.4247 258.6257 260.8042 265.7808 265.7515 268.5603 262.7908 258.6698 250.0296 249.6709 240.6327 228.5201 228.5201 229.8418 228.5201 231.5918 229.6322 227.7765 225.7667 222.457 214.9632 216.4595 218.4483 209.4024 208.37 208.374 204.022 207.6518 205.385 202.1746 199.7065 196.9301 196.9301 196.9301 196.9301 197.1163 197.9757
