data/elevation.asc
ncols         90
nrows         185
xllcorner     -88.284722219292
yllcorner     41.348833332895
cellsize      0.0062000000000001
NODATA_value  -9999
[rows 140 to 167 of 185, columns 0 to 62 of 90]
212.894 214.5724 209.8282 199.5513 201.3469 196.6295 194.0631 194.6197 192.9498 191.829 190.5197 188.5306 185.4442 188.0839 183.1488 183.1488 188.6345 182.7782 184.1057 189.9867 189.2948 192.4063 191.4457 192.1306 194.3817 195.0463 196.2611 201.0627 199.4207 193.3882 190.0632 195.2262 187.655 178.479 177.0953 177.4064 177.2078 178.8798 196.1281 196.2611 205.3308 214.8002 215.2987 222.6997 232.9254 236.7803 236.482 233.3867 233.6661 227.7457 227.937 225.0709 230.1004 224.8369 214.9821 228.0443 232.7165 226.3628 225.6193 223.5615 215.2934 215.2934 219.1711
204.1741 216.0403 213.3007 200.5234 195.1562 195.8018 195.9685 193.7765 191.9307 191.7614 189.7156 188.9434 186.7446 183.1488 187.2475 183.1488 188.2609 182.7782 188.2027 188.4555 189.5081 190.5516 192.5442 193.327 192.1021 194.4263 192.8535 190.0519 191.9397 192.9147 192.6274 194.5418 192.9868 179.5884 175.0447 175.0447 177.3979 179.2957 191.5012 206.7052 216.0202 214.6846 220.2564 221.4508 227.7236 229.0688 232.429 236.7431 237.742 233.2595 231.4588 231.5137 227.374 227.2559 223.9468 218.8319 229.1839 227.0341 229.8868 222.1474 217.3976 219.0676 219.7967
196.2992 199.8601 202.8668 197.7162 191.8178 194.1445 192.2766 191.9085 190.3912 190.8002 189.9418 187.624 183.1488 186.6037 187.004 184.711 187.2308 182.791 182.7782 187.4485 188.1385 188.811 190.1143 190.1412 188.6321 186.6682 187.7078 193.6995 201.0706 204.2935 201.2734 207.1469 204.2599 189.5168 175.0447 180.0956 176.7294 178.9024 197.5007 204.2953 209.6085 216.5576 218.4532 222.8112 228.3061 228.3957 226.716 238.1351 233.8808 236.5604 231.7778 233.7517 228.418 228.9535 226.8761 223.5481 228.4988 229.743 224.6569 224.4194 221.756 221.8402 217.6106
192.3376 201.617 194.1044 191.9105 191.8178 192.4334 191.5456 188.865 189.0331 190.2682 189.9426 185.6014 185.8042 185.9562 183.4569 183.1855 181.5646 181.5646 181.5646 186.0137 188.1217 188.7978 188.9825 186.5304 186.6682 193.3687 197.9868 196.3168 200.6611 204.1115 204.003 202.3973 201.6195 192.0094 175.0447 180.5465 177.0941 179.8189 196.6226 202.8455 207.1102 214.4006 218.8952 216.728 216.1731 220.44 231.0017 225.4653 233.7774 239.6013 234.4942 231.9499 234.6208 232.8452 231.4817 227.5827 233.7794 229.9697 224.3904 225.9318 219.7409 222.5357 217.6106
190.6694 190.6694 192.9319 194.3316 193.6642 191.8178 189.28 190.0304 187.7562 187.0385 188.2589 182.8555 184.1962 185.8255 183.3186 181.5646 181.5646 181.5646 181.5646 185.4614 187.1691 187.7458 186.5304 186.8056 193.4186 194.7811 196.0939 206.137 201.8818 204.0275 203.9795 202.7567 191.9756 184.153 175.0447 175.209 175.17 184.936 182.8058 194.1019 203.5808 203.5808 203.5808 216.1731 222.2753 230.836 225.4653 236.9015 236.5966 239.1997 240.5079 237.7908 232.9521 231.2209 231.4623 226.1234 227.7549 228.0797 224.2057 217.7499 220.9295 219.3539 218.0202
196.7568 197.0137 196.099 192.3052 190.9272 190.8581 191.7065 190.272 188.8887 186.0433 182.8555 184.2675 184.411 184.5191 183.937 183.4427 183.3133 181.5646 181.5646 182.2113 184.9152 186.5304 187.5161 190.6482 189.9293 195.9439 197.074 196.4602 200.1607 200.8635 203.0012 202.904 192.5428 182.5299 173.2692 173.1742 174.5112 195.3859 198.3968 200.9017 205.1535 211.7114 217.0289 223.8226 228.152 231.9317 237.8041 235.1527 235.0565 237.2792 234.7508 232.6436 233.199 230.7969 227.6581 218.0327 226.8907 210.5257 213.356 210.7248 210.7248 214.156 213.0183
202.397 201.3007 198.1572 194.3819 191.9552 191.6087 190.4041 189.8384 188.2645 181.311 182.7789 182.811 183.8625 183.1052 183.011 182.8702 182.5023 181.5646 188.3173 187.6638 187.311 188.8837 189.2132 194.4927 194.5695 195.1898 195.009 195.009 195.009 196.2467 198.2482 197.0048 185.6165 173.609 171.0052 171.643 182.5263 195.3601 195.3601 199.4575 207.723 211.8511 217.1045 220.0424 222.7294 223.0498 225.0475 224.4825 225.8519 226.9195 230.2851 235.5986 228.0231 227.2214 220.6324 216.2398 212.4279 210.5257 210.5257 220.1779 220.4938 219.156 217.1968
202.1502 207.1574 201.4735 197.7453 191.9182 191.0002 188.5278 188.5278 186.9274 186.2942 181.311 182.6538 183.156 182.9071 180.797 182.0425 181.5646 186.2188 185.741 185.8869 186.2683 186.1417 189.4913 194.9741 194.7616 197.173 196.6841 195.009 195.2264 196.2363 198.1016 194.3937 185.8089 171.0052 173.0666 173.0861 198.5398 200.21 203.9863 201.5265 203.1165 210.1121 213.0112 220.6229 219.2782 222.6075 221.6804 220.6804 220.7218 228.1037 229.897 234.5932 225.8665 216.7282 210.5257 210.5257 210.5257 212.2461 223.8985 228.8619 225.8802 224.521 220.3049
201.8896 206.5773 201.7975 198.8148 194.5572 191.8171 190.2869 188.5533 186.6386 187.1656 184.8968 181.2882 181.2882 181.2882 180.7256 181.5646 185.5963 189.7568 186.5613 183.3952 183.929 186.314 188.3866 189.315 193.0505 196.0411 197.91 195.6039 195.009 194.8923 191.9151 183.6086 172.4297 167.9209 170.0388 188.596 197.9286 199.3331 201.928 199.3931 208.1194 213.5115 217.8535 218.7942 219.1718 215.9894 218.0178 219.2303 222.8845 227.7869 224.7737 225.2469 217.6979 210.5257 214.0553 217.496 221.6149 225.0794 225.5822 223.8578 226.0428 217.3445 209.6344
201.1998 204.184 201.0896 197.2434 194.4986 194.2993 190.4532 189.0534 187.5138 186.3433 186.7363 185.8167 186.6588 186.1732 180.3265 178.6947 180.2003 187.3123 182.6463 183.7148 184.3362 188.4406 188.8325 191.2036 194.1621 196.7892 197.9883 195.0193 195.5457 193.0531 182.6961 182.741 169.1834 175.0429 167.9209 193.6565 195.1421 195.1421 195.3794 201.1604 207.9795 213.1816 215.5613 209.0352 215.5792 216.5387 214.7849 219.2528 220.5745 219.5608 213.8876 209.8374 207.8314 212.7721 223.7857 227.0328 225.6785 222.051 219.108 225.1446 221.0455 216.5388 207.331
198.4783 201.1806 200.2153 197.9316 195.1438 191.5065 190.3067 188.911 187.4618 187.9763 187.411 187.559 187.411 186.1201 182.6527 178.6947 179.4094 178.6947 180.3349 180.8485 182.4741 185.5786 187.7256 190.2014 191.5257 193.3864 195.1561 185.5271 182.7139 182.6961 183.02 177.3989 177.958 166.8022 170.5823 192.869 195.1863 200.5424 206.5906 206.909 204.2459 207.3366 209.0136 207.4509 207.7617 212.6436 215.0503 213.4267 206.3504 202.8126 202.8126 207.8314 212.6787 221.9823 230.5635 229.6276 220.3882 215.8742 215.684 217.5882 208.481 207.331 211.4133
196.438 198.3803 200.7535 200.8182 197.3821 193.1582 190.8915 188.911 188.911 188.911 188.9109 188.7045 188.661 186.7381 181.9192 181.2614 178.6947 179.711 181.1288 181.7255 182.911 181.6231 181.781 182.021 182.021 182.021 182.021 183.5441 190.6947 191.3203 195.7756 185.9333 167.0162 165.2023 172.3945 192.9482 193.8509 200.4453 200.8423 207.4406 197.7301 197.4404 198.5079 207.0887 211.127 206.0966 203.2076 200.3542 200.8369 204.75 211.7565 221.3125 221.6452 221.0637 223.9071 219.1607 215.0695 213.0782 202.2038 202.2932 207.331 214.3934 222.0488
194.7756 200.8481 204.3935 200.2902 197.3154 194.4495 190.4332 192.8314 190.3144 190.4037 188.911 188.8066 187.8124 186.7407 182.1334 179.8752 177.7466 188.4518 181.3063 179.8217 177.5418 177.5418 178.0386 184.1888 187.9926 191.1404 192.7712 196.8549 197.741 200.8442 198.3405 186.446 168.3525 168.0011 165.2023 192.0546 187.8395 191.6865 193.0213 190.2576 190.4467 190.4467 192.0812 192.5154 192.8313 192.8313 200.3542 206.9395 210.3494 213.7169 217.3364 223.4618 215.7239 215.5686 219.8691 216.5332 204.6813 202.0811 213.0437 219.5561 219.4938 220.6819 217.1915
194.4551 200.6885 198.0882 194.1945 195.0947 196.4748 194.1512 192.9447 190.2611 188.8643 189.8834 188.8475 188.0605 187.307 186.3268 180.8943 176.2686 185.1775 177.9588 175.6685 177.7939 186.7565 190.2039 194.9225 196.6849 201.0756 201.0698 200.9435 203.0616 201.0906 199.4779 189.1858 166.8832 165.2023 169.329 168.7901 189.7063 183.84 183.1168 189.8502 201.3928 202.9785 206.0979 206.0977 210.1821 208.837 208.483 208.4482 212.6992 217.9099 218.1063 218.3228 210.9055 214.6588 223.9241 216.9476 206.6781 202.074 207.1947 207.1947 207.1947 211.2727 209.421
187.6202 193.6087 188.2841 191.7908 192.7604 192.7358 192.7358 192.2105 191.9845 190.5015 188.4992 188.8165 187.311 186.5482 184.0958 183.0182 175.336 176.8199 175.6685 182.8026 189.5856 189.5142 193.2535 196.5565 196.1534 200.2201 201.478 202.8711 203.8013 198.5022 196.1707 187.3663 164.909 164.9333 165.9194 168.1009 169.8482 183.1168 195.1371 202.7648 204.9169 205.3604 203.8761 195.6214 197.7429 205.781 206.9818 207.7705 211.1923 212.9472 211.5589 211.5278 210.8572 214.6031 220.0272 206.7462 198.3106 201.5362 212.9239 213.8853 213.0669 209.421 210.3454
184.501 186.9809 197.4625 198.0707 194.9558 194.5089 194.2544 191.911 191.211 190.0665 189.2772 186.707 187.7644 186.1152 184.8971 174.9112 176.6687 175.6685 178.9931 186.8149 189.5504 190.597 194.2993 193.8537 195.2929 198.595 198.2227 199.6303 199.8482 197.7353 195.6082 179.7337 164.909 165.7626 165.5588 165.8591 170.7309 195.6241 198.3552 198.5112 185.3128 182.8528 182.8528 183.1147 189.0381 198.3048 201.2778 199.9137 200.7092 203.6926 199.3707 204.7581 209.148 213.4214 208.0655 198.3106 201.2696 213.1538 219.3294 222.5251 213.7798 221.2955 219.021
182.4992 192.8405 196.3286 197.306 197.6796 194.9953 192.6539 193.4749 190.182 188.961 187.6713 186.606 186.606 182.6638 180.6432 174.9112 176.577 178.5392 175.6685 187.3237 186.1432 190.5733 190.8336 195.6641 196.2962 196.4335 195.1796 197.3954 197.9137 198.0036 191.4839 177.1526 164.896 166.4122 166.9649 166.0783 169.0994 171.2345 171.9414 171.9414 182.8528 189.8445 193.5366 192.6066 186.4431 186.4431 192.0497 196.6279 200.066 192.7572 205.2907 206.2015 209.5522 197.7364 197.7364 197.7364 217.0804 212.6582 211.6753 222.4318 220.4275 217.4292 215.1391
180.2662 188.6915 188.8706 197.6702 198.0352 195.0996 194.4888 193.9499 194.7684 191.5214 189.0118 187.4403 187.1453 176.3243 178.055 177.0101 174.0806 176.3231 176.3457 184.1952 185.3019 188.6725 191.8217 192.5204 194.423 196.5277 193.787 196.2656 197.9523 194.6042 189.9783 165.9128 164.7369 164.925 164.1963 167.126 172.5946 183.7078 188.3599 195.5878 192.1647 191.6609 191.9107 192.162 192.4617 191.6617 191.2017 191.2017 191.2017 191.2017 192.0414 199.5352 197.7364 197.7364 199.439 199.3633 197.7364 200.2639 204.4003 212.844 214.287 206.3435 213.8419
179.8785 181.4803 183.9786 193.0133 196.6471 198.7333 202.6624 196.6759 193.4482 189.2282 185.257 185.8288 184.281 176.3243 182.9101 182.0201 174.0806 174.0806 175.1812 182.827 182.3922 187.2324 184.3534 189.3862 192.8982 192.4844 194.8887 182.6554 192.7408 189.107 173.2987 161.409 164.9187 164.1963 171.4434 171.5105 190.0616 197.076 196.283 194.709 194.7222 197.881 200.9746 199.741 198.2403 197.6806 202.2349 204.285 208.7547 202.9354 196.3074 197.7364 201.0121 203.3759 204.453 209.746 208.1489 212.2887 208.7754 206.3435 206.3435 206.3435 206.3435
176.8665 176.192 177.092 183.2656 187.7248 197.9416 197.7431 195.0244 192.2296 184.8195 181.4639 177.2186 176.3243 180.3843 182.7051 177.209 174.3731 174.0806 180.3826 181.7752 181.1863 179.0981 182.911 182.1557 182.5997 183.3172 178.5611 169.1218 168.504 168.6594 161.409 167.1438 164.1963 170.0454 180.5652 182.9999 188.0611 197.3115 194.534 197.0005 201.4629 202.5779 201.1207 200.658 200.1602 199.6666 200.7499 205.861 206.6125 210.2743 213.0397 211.5166 211.371 214.0044 215.8715 216.3994 219.1233 220.93 218.001 223.735 217.9093 209.9755 212.9593
175.2635 177.1959 180.3621 183.3543 185.4447 197.2506 195.4536 192.0261 185.5089 180.161 178.1953 173.4078 178.5589 179.7425 179.1478 176 172.6553 176.6107 181.366 180.8984 183.0076 186.9396 175.5038 166.8979 164.0145 175.8348 164.1566 161.4824 161.0552 161.0552 161.0552 168.2005 164.1963 172.7448 181.3021 187.625 194.6816 187.5732 195.8252 198.8717 200.7914 199.7877 197.5015 196.6735 196.6735 198.216 199.8131 202.5132 204.07 205.6652 211.6658 212.9775 214.1386 219.4656 217.7022 218.2197 216.2645 217.1866 217.2442 220.3587 223.904 220.5834 223.2809
177.8461 184.6023 188.759 193.9734 198.1467 194.6808 191.761 188.3264 183.4035 179.8039 175.1447 173.4078 177.7829 179.372 179.0375 173.9925 172.6553 181.2745 181.5152 179.078 181.5982 165.3537 162.092 162.092 162.5639 161.0552 161.0552 161.0552 173.9037 161.8399 181.1622 189.8932 191.8151 191.6057 189.4267 184.2185 184.2185 190.2679 190.2377 192.575 197.8066 191.8008 195.8396 197.8235 203.14 204.454 204.6288 204.1573 203.2214 204.1094 206.5751 209.8784 211.4314 211.4314 211.4314 215.4747 216.2198 218.0224 222.9443 222.306 221.682 229.1128 232.2434
187.7374 194.9812 192.9282 197.166 196.067 192.3922 189.8642 184.7467 179.2253 176.9034 177.3691 172.2124 178.2726 179.4446 176.3322 167.5343 171.9295 177.4497 179.1921 164.0282 162.092 162.092 166.2249 168.5087 164.9563 161.0552 166.0625 179.2119 184.3212 188.6891 192.798 189.8515 189.8515 193.7462 192.3771 191.4477 195.2141 188.631 191.3085 190.7393 190.7393 191.6696 195.4354 200.5594 200.7443 205.6496 208.0408 207.214 203.2214 204.146 208.3419 209.4659 211.8557 216.6422 216.4457 219.3374 215.7635 222.9427 225.3296 224.9272 225.5086 225.5123 230.3831
181.3052 194.6596 195.036 194.8771 193.6074 189.6469 187.4271 184.071 179.6506 176.7381 179.3163 172.2124 176.1056 177.4241 174.2468 166.8288 173.5488 164.6686 162.092 162.092 166.1115 176.2505 170.7591 161.0552 161.0552 181.9008 186.1053 189.6196 192.0679 191.8192 191.91 194.3275 193.51 193.4657 194.5966 198.08 199.3055 194.1895 194.8115 193.198 191.5357 195.2001 199.7297 201.6812 203.1849 204.5351 205.4691 203.8843 207.2988 207.1069 210.294 210.3494 213.4072 212.758 214.0931 216.5106 217.537 223.8482 227.7074 225.7227 225.412 224.9499 226.3162
181.3631 193.6116 192.9993 194.7458 192.2656 189.1605 185.5474 180.7924 177.8766 176.787 175.8074 166.5471 174.2121 167.3584 167.6246 165.278 161.0624 162.092 164.7871 162.4934 170.7631 161.0552 161.0552 177.4471 189.2049 190.3067 189.2343 190.5964 190.8899 191.9093 191.6022 191.9605 193.7706 194.4713 195.0396 201.6435 201.3145 199.0305 201.5932 197.3529 197.1344 197.516 196.8612 199.6755 200.8563 200.8563 200.8563 201.0496 206.343 208.296 210.4509 210.294 210.294 211.4857 213.9064 216.8894 218.5211 226.0055 223.2312 224.1837 224.0507 222.2892 225.512
179.5347 186.3672 189.0372 193.956 191.697 188.5481 183.1784 176.9115 174.1213 173.6936 170.3532 167.1057 162.2021 164.5636 161.0624 161.0624 162.4079 165.3378 158.3799 158.3799 158.3799 175.5976 185.0221 210.509 188.1548 187.154 186.4466 189.4777 188.91 189.5762 191.0661 192.117 191.9306 192.0439 194.7532 197.5674 201.4055 204.7573 206.5365 201.7363 201.2455 198.9598 199.0211 198.2881 204.3743 205.495 208.8601 210.1872 207.1077 208.7976 210.6064 210.294 210.294 211.0704 216.6466 218.8046 219.7976 221.4728 223.3395 221.0446 219.1281 223.056 222.2892
178.4662 183.2038 188.6876 192.2404 190.2333 188.1511 183.2682 177.5426 174.5065 164.3218 161.4369 159.9731 159.9731 161.0624 164.6927 162.807 162.1998 161.0985 158.3799 162.1949 182.4447 189.1169 188.3242 183.3585 185.2707 183.8627 187.1886 188.9074 186.388 187.9768 190.4712 187.7597 190.5986 191.8538 194.0427 195.3101 197.5473 203.7105 207.2054 208.9047 203.4241 198.4055 199.3964 201.7141 204.3063 207.947 210.2796 210.1956 210.8209 208.452 211.0815 210.294 210.294 212.9347 218.4055 218.2777 215.0253 219.0423 219.5775 216.3927 219.1799 222.3872 227.6859
173.0698 176.5816 184.4037 188.0996 186.9101 181.1391 179.4467 166.8743 159.9731 159.9731 159.9731 162.4735 164.488 165.4955 164.8941 164.1799 168.9892 173.8292 159.5567 158.3799 171.033 181.1141 186.6357 175.1074 176.4987 180.5612 182.5521 185.4182 185.689 188.1944 186.3694 189.6381 191.8832 194.8814 194.1372 195.6076 197.6392 201.6053 205.0979 202.952 198.4055 201.4545 204.1295 205.7292 211.1232 211.0032 212.7513 209.1519 210.212 214.9037 216.177 213.2866 213.1617 213.0016 213.5319 215.0253 215.0253 216.3927 216.3927 221.2768 225.8179 228.3517 231.4852
