data/elevation.asc
ncols         90
nrows         185
xllcorner     -88.284722219292
yllcorner     41.348833332895
cellsize      0.0062000000000001
NODATA_value  -9999
[rows 0 to 27 of 185, columns 0 to 62 of 90]
241.63 241.63 249.3076 252.392 255.6517 269.8317 274.8877 285.8557 286.9861 287.4184 287.5539 277.2804 277.1611 280.6324 271.7545 242.6969 228.8798 226.8043 227.0875 226.9624 237.8462 244.1121 229.0548 224.9254 228.1373 228.3127 229.1704 231.6315 241.0645 243.5393 246.8435 250.1828 249.7236 253.1738 257.4947 255.5356 248.4636 243.1927 240.641 240.484 237.2741 233.9915 231.9072 234.3298 232.2028 231.5746 236.9365 241.4363 244.1364 246.9933 247.8602 237.7735 236.6594 231.2276 227.1719 219.5661 217.317 206.4751 204.119 203.7329 204.1326 206.7254 210.0487
242.4394 250.3807 253.4578 269.35 271.606 271.6139 280.1493 283.3683 277.1499 277.554 269.0663 268.4166 268.0967 273.2376 259.4485 257.4201 234.6069 225.819 224.9254 224.9254 224.9254 224.9254 224.9254 224.9254 224.9254 224.9254 228.5697 231.1291 238.0895 245.9712 244.2127 242.752 245.7499 251.3773 246.2897 244.0863 253.0326 243.7665 240.8308 232.9616 234.628 231.9072 236.1628 235.7887 233.5142 231.5746 237.0392 240.5783 245.1266 244.3687 239.7776 233.6299 228.151 225.4078 222.4789 219.5774 211.5723 204.119 204.2967 212.9278 217.6034 219.0276 215.4321
252.9671 252.4759 263.7214 275.4891 274.5614 278.2802 283.0691 282.8045 267.5769 263.0771 264.9447 267.501 269.0535 260.7257 258.3339 241.7254 229.7869 224.9254 224.9254 230.4674 227.0502 226.478 229.3295 224.9254 229.853 230.36 230.9662 228.4499 231.598 232.9135 234.8993 235.0627 237.6866 240.9934 242.75 247.5247 247.3217 238.9562 237.5271 233.6031 232.9616 236.9628 238.6319 235.8808 237.1508 234.4417 234.6494 245.2505 243.4807 233.7301 229.2672 228.151 228.5767 221.4756 225.2011 215.5623 204.7575 204.119 207.4501 207.7413 207.7413 209.3665 212.3872
256.1288 263.1617 269.9656 272.2464 277.6639 277.8698 279.7076 263.8452 262.0595 262.1452 262.6138 265.8816 267.5428 254.581 240.5481 240.5481 229.2634 224.9254 227.2805 224.9395 225.3109 224.9254 224.9254 227 225.3048 224.9254 224.9254 224.9254 224.9254 242.2104 243.6104 236.4795 235.0627 235.0627 235.0627 249.0963 242.2606 237.3722 242.4591 239.6906 246.2198 246.7691 244.1599 236.1 233.0792 232.7876 235.5657 236.7769 234.5341 228.8532 228.4137 229.0347 228.1589 222.4772 210.3423 204.119 204.119 209.6387 221.4846 221.2819 216.6984 210.6262 210.184
265.9504 267.291 265.6199 273.2095 275.1188 275.111 272.1704 257.9357 260.4137 260.2919 263.4486 264.1186 265.5891 260.9182 248.9269 240.8763 226.4563 224.9254 224.9254 224.9254 224.9254 225.2734 227.0285 224.9254 224.9254 224.9254 229.6157 235.2226 227.4868 241.0125 235.8339 237.1292 235.0627 243.486 237.8211 240.6235 237.3722 237.6063 244.1585 242.8003 240.5784 245.0498 245.0138 241.4709 227.5909 234.664 236.728 237.3026 240.3515 237.2812 230.3542 225.5917 225.448 219.3638 207.859 204.8557 207.9797 219.3016 225.5002 224.7678 222.6609 215.756 211.0858
261.8952 253.9044 260.6926 261.9679 260.7052 264.5997 257.1912 254.6201 256.1021 255.5039 261.6707 258.8831 258.4394 247.0283 236.0893 231.1357 227.0532 224.9254 227.2846 224.9485 224.9254 224.9254 224.9905 224.9254 224.9254 228.3199 232.955 244.6395 245.28 235.8339 241.4725 240.0767 237.6499 236.5058 236.5058 236.5058 236.5735 240.5925 243.5591 247.4392 245.8684 235.6131 241.1802 235.7466 226.0172 234.3187 240.7343 243.2416 240.6694 231.3035 225.1235 222.8174 224.6753 222.4182 210.6804 203.979 205.8049 213.5756 219.3071 221.2568 218.1384 215.247 212.3034
248.739 246.359 243.9877 246.9257 249.4487 251.7341 250.217 247.5901 247.2254 254.248 259.7796 253.1359 243.7231 235.9185 226.6605 226.2549 231.4596 224.996 225.0741 224.9254 224.9254 224.9254 224.9254 224.9254 225.7377 224.9254 233.1085 237.2236 246.1883 242.7998 239.5468 236.5058 236.5058 236.5058 236.5058 238.4258 243.8253 245.5747 246.2692 237.8283 238.2331 236.7483 235.4455 232.5955 228.2247 224.7452 240.2987 235.1187 237.8775 226.0094 222.2061 223.0786 221.8589 221.814 210.9527 203.979 204.1192 206.7749 219.6437 222.2064 219.0744 213.43 213.09
245.237 244.6721 243.7259 240.5933 243.0116 239.6431 236.7694 238.2214 247.2453 251.5078 251.0852 253.4368 250.0796 251.2424 226.8323 227.7951 225.43 224.9254 224.9254 224.9254 224.9254 224.9254 226.9222 228.2372 231.2295 225.7946 234.3253 241.222 246.7834 246.2575 241.4335 237.628 237.2596 241.2675 236.7387 240.0979 252.2218 249.8701 247.1295 237.7406 238.294 232.2768 231.3709 228.4343 234.0982 222.854 228.3255 236.3446 234.6191 225.1398 225.301 222.0469 219.3643 219.4325 208.315 204.119 203.8524 205.8245 213.1761 217.5486 217.0496 213.09 213.4718
239.7038 239.6015 233.6462 231.7877 231.7877 231.7877 231.7877 231.5858 231.5858 239.8288 240.9715 243.9663 246.6127 246.3096 227.0084 229.8468 234.2179 224.9254 224.9254 224.9254 224.9254 224.9254 225.2783 225.2783 231.4804 225.5765 232.6012 243.1452 250.0387 253.167 243.5184 237.2596 237.5796 239.4907 243.0303 242.1886 252.0203 248.658 245.5861 241.8705 232.6209 231.528 234.1051 237.9053 232.6599 222.253 227.1193 234.3836 235.8935 225.732 232.5226 222.33 219.6884 213.4885 213.9901 209.7177 203.8524 204.1848 212.8509 212.473 216.5859 219.0608 215.0894
233.8882 233.7921 241.2173 248.256 246.952 245.2643 243.8309 240.4582 237.1242 231.0898 231.0898 231.3003 236.8805 241.5554 245.3023 231.6473 227.0624 224.9254 224.9254 224.9254 224.9254 224.9254 227.8845 238.1696 226.5624 226.5963 225.5765 249.6883 247.2811 252.5026 245.9895 237.628 238.9702 237.5796 237.5796 243.3575 254.9701 249.2783 241.272 244.6409 231.528 231.632 242.7465 232.6118 224.6292 220.1726 222.029 225.8032 224.7611 220.3575 223.223 228.76 219.5365 221.8223 219.2941 209.4576 203.8524 204.119 207.1512 213.406 219.8136 219.1073 216.319
247.4988 246.5112 267.1627 270.1678 266.4989 269.6337 264.1339 268.0271 267.9953 264.4362 251.4096 225.53 225.53 240.4179 237.6447 228.5747 227.4722 231.5595 224.9254 224.9254 224.9254 226.1375 228.6243 228.3605 224.9254 225.5765 233.4619 235.8331 250.216 251.4715 248.4367 240.5652 241.0178 237.5796 237.5796 247.771 254.7352 244.1485 240.0611 233.9026 232.5337 237.7056 242.9693 235.1139 230.5646 221.8742 216.2559 219.8685 216.2559 218.6095 221.7556 221.8185 218.4997 222.7064 218.588 213.5632 203.7817 204.119 214.173 221.1544 222.1939 221.5759 216.319
272.2522 272.0815 270.4539 267.294 268.2949 268.1712 265.0047 270.4853 266.5128 263.7247 258.1875 248.0113 225.53 240.2272 224.9254 224.9254 225.4389 243.0499 230.4263 224.9254 224.9254 226.5704 224.9254 224.9254 224.9254 232.9531 242.6783 244.0933 242.6567 244.7473 237.628 237.628 237.628 237.5796 246.0448 237.5796 249.7529 237.355 242.1433 232.5337 234.628 237.7176 231.8618 229.4245 225.9636 221.9598 216.2559 216.2559 219.6873 225.3371 216.0953 215.3154 213.0788 212.6383 213.2283 208.6873 202.0734 204.0374 217.0772 224.0496 231.2622 217.2075 216.3648
273.4428 270.8369 270.5805 269.8611 268.4408 270.7929 269.663 271.4488 262.4 259.1368 257.6388 248.2679 225.5733 225.4283 225.636 224.9254 224.9254 226.9039 224.9254 224.9254 225.53 228.6422 224.9254 224.9254 224.9254 224.9254 231.3814 248.7771 243.3347 249.9053 241.485 237.628 239.8369 242.182 237.5796 237.5796 243.7857 237.355 246.7062 238.463 236.3348 241.3323 232.4333 225.6828 225.6828 223.2114 216.6637 216.2559 216.2559 224.3007 214.1492 208.2991 206.9232 206.1053 206.1053 203.2278 201.741 204.5462 211.2346 216.5089 224.2871 216.2441 213.1679
271.5739 271.2334 268.0451 266.8441 268.1375 267.9518 268.0919 266.9027 265.0089 264.311 257.4456 233.0418 233.3929 225.7504 226.2073 224.9254 224.9254 224.9254 224.9254 224.9254 224.9254 224.9254 224.9254 224.9254 228.3641 228.4728 233.7761 250.5522 250.071 246.9074 242.804 242.1237 243.0492 243.3319 243.747 248.5093 241.6329 237.355 238.8593 235.2437 237.4947 241.1636 240.2889 237.9359 231.0498 227.827 217.0113 216.2559 218.8296 212.8711 212.8711 210.6494 217.523 216.0818 216.4039 203.9904 201.741 204.7711 212.2879 213.3314 215.5966 210.2744 208.2192
275.3671 268.0536 268.19 265.1952 265.8699 266.7722 264.3309 259.5524 262.7047 257.4363 256.5256 234.003 233.2555 226.4011 224.9254 224.9254 224.9254 243.3528 224.9254 224.9254 224.9254 224.9254 224.9254 224.9254 229.6692 234.232 240.938 246.1776 246.8425 247.0423 242.5479 240.3023 240.3179 240.3179 240.5265 250.7556 244.5161 240.2758 235.2437 240.742 235.2437 235.2437 244.3069 233.1951 229.5195 222.001 220.3626 220.7294 225.4718 224.8482 223.3978 215.0329 227.0923 231.0834 227.3191 216.4005 201.422 201.392 207.7664 203.8721 203.2708 203.7814 208.1638
270.5601 268.2863 257.4678 252.7126 260.5016 261.2494 263.0074 257.57 254.5744 255.856 241.943 231.982 224.9254 224.9254 224.9254 224.9254 228.346 231.7183 224.9254 227.9379 224.9254 225.5356 228.6761 224.9254 227.5305 231.2639 244.5695 244.2955 240.5528 248.7707 238.9499 245.7974 250.2136 240.6147 241.4885 249.085 240.2758 242.0061 239.0742 235.2437 235.2437 235.2437 244.39 240.4556 230.924 233.5118 230.6776 230.3981 223.3805 224.473 230.3881 224.4838 221.2753 229.1575 227.2444 223.0674 208.7897 201.392 202.1956 201.3606 203.0731 209.694 207.0984
257.2342 265.2489 259.0371 242.4757 243.847 253.0143 259.7442 260.0482 248.8949 231.6642 236.3851 225.6252 224.9254 224.9254 224.9254 224.9254 227.6062 234.0074 230.3812 236.6275 226.4383 225.5597 227.8609 228.8321 229.3518 228.4199 241.2163 236.4836 236.3426 238.9499 240.9228 247.3375 243.1323 250.5835 243.5483 248.6381 247.3611 244.6736 241.4927 235.2437 235.2437 235.2437 239.4326 239.3665 236.4192 235.2437 233.4438 225.9447 226.994 223.3805 225.9159 229.2603 222.4714 223.9215 231.2864 229.2085 216.1826 207.0778 201.1895 201.1895 201.9113 205.6012 209.7164
254.1293 258.4953 258.9777 245.7023 240.1538 253.5566 246.1521 244.6753 241.0194 228.054 224.9254 227.1376 224.9254 224.9254 224.9254 224.9254 224.9254 225.4965 228.5935 237.4288 229.4871 225.5597 228.6317 232.6562 228.1437 228.6193 233.9534 232.1023 236.5495 244.3683 246.4612 236.1157 245.1773 256.6187 245.7104 243.1432 243.5441 235.2437 235.2437 235.2437 235.2437 235.2437 235.2437 235.2437 235.2437 237.9612 231.2531 229.2606 235.0394 232.8144 230.0671 228.8729 224.4377 221.7682 225.7467 228.2676 222.3483 211.5964 203.3898 201.1895 201.1895 213.3506 213.5841
243.0827 261.6706 253.1718 237.81 228.054 241.0052 230.9889 228.4894 228.054 229.9137 224.9254 236.214 224.9254 224.9254 224.9254 224.9254 224.9254 225.5592 240.3654 225.7365 225.5597 225.5597 225.9402 237.3887 244.5408 225.9402 227.5899 231.2837 235.8268 236.8064 236.1157 244.3823 243.9289 251.6874 246.76 240.0302 238.831 237.135 239.1261 235.2437 236.634 235.2437 235.2437 235.2437 237.0496 237.7633 235.1927 236.0275 235.4685 232.1131 234.3563 230.2145 224.5115 223.2674 221.7682 225.5172 222.0493 216.0211 203.2241 201.1895 207.4169 206.9452 211.7127
238.534 238.3977 231.2321 228.9534 228.054 228.054 228.054 228.054 228.632 235.1104 235.3409 224.9254 224.9254 224.9254 224.9254 225.8312 225.4345 228.3034 243.1259 244.1737 225.7821 228.9763 228.0763 225.9402 225.9402 225.9402 225.9402 231.8147 233.8036 238.5703 234.3078 239.6682 238.9415 237.1291 238.2266 238.3743 240.759 242.1945 240.0776 237.2481 237.6149 238.3136 235.2437 235.2437 235.2437 236.3147 237.5479 235.5511 234.2597 232.0537 231.2617 231.1358 225.1024 221.5152 220.5636 223.3174 214.3253 214.3253 201.1895 202.4113 206.1292 209.5323 212.0592
229.8295 231.9811 231.2032 240.6509 238.1681 231.3403 228.054 228.054 230.3531 229.0699 224.9254 227.6761 229.7183 224.9254 228.6712 233.3635 229.0799 228.0234 234.7741 252.386 236.2717 228.4538 229.9686 242.3398 237.2817 225.9902 225.9402 228.6788 228.6788 228.8425 228.9006 231.7792 231.7792 231.7792 237.6272 237.6242 240.7323 243.1924 241.1513 238.0252 235.3804 235.5643 235.796 235.2437 235.2437 235.2437 239.0183 240.5025 237.3175 233.0364 234.8215 231.1279 225.0475 222.7457 219.7575 221.8542 219.0909 216.8607 201.1895 202.0804 206.1926 206.1292 208.1915
231.573 234.4953 231.568 237.2297 233.8616 230.0896 228.054 232.5672 232.8608 225.3663 225.3096 232.1313 233.1719 224.9254 224.9254 224.9254 228.9203 236.9382 234.584 245.2823 238.8208 228.4538 235.9812 242.8252 239.1825 225.9402 228.4078 231.8459 231.3615 230.9077 231.4587 238.8228 231.7792 231.7792 233.9617 236.129 239.1317 239.342 236.0076 236.0076 235.2437 236.4298 235.2437 235.2437 235.2437 237.7509 240.1598 240.705 239.3519 240.514 233.9037 228.1258 222.1085 227.1257 219.7474 214.0559 216.2285 210.1128 201.1895 203.7845 208.1164 212.2304 211.3317
229.9367 230.2089 234.858 246.8357 231.0699 228.054 228.054 237.7954 234.6221 232.9673 225.3096 232.2543 237.6145 224.9254 231.9501 231.3341 234.4061 231.1773 234.6955 231.2803 231.2426 232.1789 240.3923 238.4667 237.1877 225.9402 226.7029 231.3439 236.9758 239.7702 234.9076 238.8752 238.2642 243.0536 245.4109 240.4426 241.395 238.0047 237.233 236.6774 237.5797 235.2437 235.2437 235.5442 236.9025 237.7386 241.6125 240.705 239.034 234.2261 231.82 227.3052 218.0247 222.4138 226.834 215.5018 212.7507 201.1895 205.6852 212.5498 213.5435 212.6832 213.0493
235.4358 229.9367 234.4921 229.6136 228.054 228.661 231.3687 238.6948 236.9965 240.3373 237.9641 227.453 231.9986 231.543 229.9055 232.3943 231.0071 234.0578 235.7165 237.966 231.2426 232.2946 243.5867 240.9785 239.0531 231.6759 230.6936 234.1364 240.1348 234.9076 241.5016 239.0844 240.499 244.2034 247.2503 241.5889 238.877 239.4253 240.5351 238.0404 237.3247 237.614 237.629 240.8355 240.6483 239.9739 237.7386 241.0421 234.4141 231.8324 222.8187 215.9994 215.9994 215.4827 221.0771 209.1612 201.1707 206.5745 217.4474 225.8384 220.0808 213.8316 214.6485
236.9826 231.6999 233.5917 228.054 228.054 229.1396 232.3837 232.8787 234.643 230.3711 231.2093 227.453 231.9852 228.7578 230.8861 231.142 231.0071 238.7877 240.0902 244.8147 232.8432 235.9459 243.1662 240.743 244.7776 242.0901 234.6438 240.7291 235.43 234.9076 243.7833 243.5934 243.8517 240.8265 240.8265 241.4362 243.7699 241.9384 240.2466 237.7863 237.3247 240.3275 242.3848 242.9982 245.8922 244.4525 244.6419 238.1736 237.9963 223.8801 222.9083 227.2951 221.0471 219.3418 206.2792 201.1707 210.6773 218.6786 221.0236 224.6973 219.1293 217.134 219.1719
240.7091 229.7109 228.6776 229.9653 228.7678 228.054 230.9429 233.2691 235.4593 227.7682 227.453 234.428 227.453 227.6204 228.1464 228.1464 235.5371 236.6719 238.9197 236.5139 232.8432 232.8432 245.2153 246.6169 243.9253 236.9424 245.0745 244.1995 235.464 241.845 244.2917 242.8813 243.8207 240.8265 240.8265 242.7306 249.3831 248.0369 243.5554 241.4956 237.6172 242.1149 243.9308 249.6203 252.2062 247.1776 242.908 246.3154 227.9106 231.9323 227.5971 222.3851 212.7587 225.1239 203.522 201.1707 213.1111 223.019 228.1956 223.6618 217.0193 216.9031 219.3452
232.9883 233.1058 242.5621 240.632 229.1085 228.054 232.9607 233.3983 237.9681 231.286 229.1171 232.5655 227.943 229.6138 230.0334 231.0868 235.6219 247.2583 232.8432 232.8432 236.2224 232.8432 238.9108 243.1055 247.4746 246.8265 246.5519 241.4288 242.1484 246.5672 245.2474 244.77 240.8265 240.8265 240.8265 240.8265 246.4315 245.9397 243.8259 238.2467 243.7743 246.0915 249.7089 252.8475 250.1171 246.849 241.2745 224.4966 224.4966 228.414 229.0174 223.3041 207.9517 212.7819 201.0039 213.1293 216.9241 216.647 222.2034 219.9568 215.932 213.9768 220.6386
236.7709 240.6852 251.3894 234.8844 228.054 228.054 234.9456 228.7828 234.051 228.054 237.7466 233.8828 230.2836 228.5235 230.8793 234.8105 241.5272 244.5036 237.9598 237.814 236.898 240.2756 244.1502 243.7103 243.1055 248.7711 241.4288 241.4288 241.4288 244.5491 242.0012 240.8265 240.8265 240.8265 240.8265 242.7816 244.2686 245.5793 246.2372 240.729 244.0937 244.0261 245.9654 245.1951 244.9582 241.6667 236.551 237.9074 238.2419 224.1484 213.5033 218.9415 205.1478 200.4279 212.2233 215.9185 210.2459 211.0979 217.349 219.3673 213.232 211.9712 216.0589
